-5.502192
-4.868469
-5.078917
-4.113215
-4.883029
-4.68137
-5.581791
-4.285467
-5.825259
-5.359862
-4.910114
-4.903726
-5.201634
-4.26016
-4.87662
-5.029317
-5.388854
-4.489144
-5.913814
-2.689703
-5.43809
-4.235939
-4.738039
-4.226595
-5.814379
-5.438451
-5.720222
-4.769055
-6.157729
-4.752924
-5.091114
-3.242624
-5.13793
-5.111193
-5.690014
-5.221794
-4.817092
-4.582677
-3.934598
-4.029798
-5.101629
-3.596797
-6.776776
-4.377133
-5.522283
-3.677769
-5.36344
-3.680934
-4.956221
-6.878656
-5.447062
-6.738598
-4.821135
-3.102534
-7.271925
-4.019536
-6.398826
-3.175128
-3.618701
-5.838852
-5.261996
-5.068844
-5.378884
-2.418041
-4.870166
-5.713025
-4.362006
-4.798308
-5.069917
-5.09249
-4.551097
-6.064356
-6.162419
-3.351478
-7.062096
-4.98725
-6.087528
-4.729461
-3.991548
-7.074405
-4.103178
-5.049996
-6.345349
-6.931212
-4.290418
-5.157905
-4.783632
-4.182638
-3.272824
-5.10377
-5.557122
-3.571699
-5.892957
-6.157571
-5.530296
-2.554317
-5.832496
-4.58648
-6.178683
-6.174035
-5.332923
-3.636886
-5.469147
-4.157124
-6.457994
-5.400306
-5.776417
-5.369297
-3.759899
-5.107434
-4.827406
-4.745399
-5.614534
-6.429215
-5.330975
-4.871614
-3.98188
-5.255574
-5.302541
-3.384809
-5.773713
-4.575998
-5.583947
-4.584964
-6.545262
-5.51875
-5.279792
-3.992543
-5.46957
-4.702103
-5.417794
-5.850381
-4.310954
-5.460196
-3.651816
-4.556929
-5.150926
-4.544451
-5.040155
-4.543879
-5.408425
-7.136494
-4.843178
-4.339951
-5.981834
-6.113644
-5.437348
-5.516111
-4.581004
-4.865845
-3.965314
-3.346497
-5.017947
-5.024203
-4.749753
-5.337125
-5.113354
-5.098883
-4.735913
-4.861016
-5.242269
-4.940969
-5.177272
-4.20532
-4.993262
-5.62979
-5.25249
-5.690422
-4.797458
-4.153619
-4.367926
-4.798586
-5.091071
-4.710516
-5.054685
-7.04185
-4.641631
-5.372601
-3.731691
-2.8314
-6.239723
-4.410126
-4.875981
-5.523708
-4.379772
-4.291778
-5.093198
-5.295197
-6.085815
-5.624815
-5.233007
-5.250817
-4.046105
-5.265973
-3.104724
-5.429991
-3.424453
-4.838059
-6.085453
-4.423063
0.01408588
-0.1783517
0.4263132
0.2566826
0.5091015
-0.5107395
-0.2808341
-0.506278
-1.510407
0.1661751
0.6202558
0.3356748
-0.6650171
-0.4252902
-0.8944154
0.615761
-0.1671998
-0.4836611
0.4396852
-0.1267893
-0.7589379
-0.01194163
0.01332974
0.0818406
0.205004
-0.3136813
0.318459
-0.6009674
0.6732712
-0.2993837
0.2211022
0.3067632
-0.1495482
-0.800294
-0.1697335
-0.2906539
-0.195181
0.4227572
0.3423636
0.1188565
-0.3553109
1.306659
-0.8133237
-0.8036531
0.1701587
1.363944
-0.163595
-0.6284484
-0.2156991
1.274427
-0.385704
-0.2536712
-0.1350113
0.3740583
0.3342969
-0.2276493
-0.9639226
0.9409885
-0.6248556
-0.2446725
0.1076956
0.2110543
-0.6105741
0.1561139
0.4432311
0.2374053
0.4349207
-0.4432619
-0.06432777
0.5482552
0.2590148
0.1990166
0.5333297
-0.22477
0.313051
-0.409418
-0.1317581
0.07728764
0.2842228
-1.33008
0.5682663
0.2108864
0.6750413
0.5518784
0.3235231
0.08781791
0.3267789
-0.03274515
0.3227611
0.182147
0.4217208
-0.3382394
-0.1957165
0.2024703
-0.5534293
-0.1916502
0.1470101
0.8965303
0.4070161
-0.6600122
1.28911
2.962871
2.909778
3.697425
5.765365
7.063799
5.26215
5.754383
1.22461
6.040439
6.718306
3.395023
4.016079
4.578091
4.072647
5.598959
3.789052
4.121976
3.558493
6.56161
2.555431
6.782388
5.507846
4.868367
5.402932
9.955401
5.943506
7.652396
6.337197
4.725211
2.177657
7.400726
5.59818
5.912454
5.876157
4.569958
4.375755
3.614739
0.2075406
1.83145
8.517496
0.2742264
5.786344
6.131876
2.912019
7.046227
3.974672
5.095473
7.785754
4.135002
4.729664
7.59547
4.858547
4.158344
7.282681
4.145747
7.791339
4.407626
6.165319
-0.3524587
2.198642
11.6083
6.713555
7.322033
5.557874
4.972903
-0.3527578
5.242629
3.998914
7.759356
4.188027
7.791864
6.477192
6.473228
3.533824
1.203208
5.891759
5.912522
1.947606
4.838835
4.319979
5.107362
3.61673
4.39301
2.609972
7.039472
4.043112
3.681016
6.357759
4.789289
4.092565
7.682877
6.971914
2.60907
3.850283
6.963983
1.685234
2.760706
2.658351
2.721897
2.430343
4.716437
7.87757
2.919885
2.952324
7.189548
0.9721462
2.906846
6.66682
6.217205
7.168115
5.345421
8.032384
4.565583
4.783499
4.284567
5.654089
0.9741116
4.700611
3.135618
5.556826
6.633673
4.139479
6.14466
5.353988
7.227143
3.82579
1.523533
6.307343
4.626687
6.278714
4.936317
7.004472
3.717867
5.502074
6.150071
3.729956
6.714567
7.209765
0.1895494
3.59807
5.056899
8.434984
2.74341
7.172492
7.61177
3.023471
4.545164
4.715793
5.792026
1.121121
-1.641564
6.884164
5.074303
4.48289
5.688788
5.29871
6.880927
0.5641962
1.412882
8.384214
1.655008
1.525614
4.94673
5.131609
2.075353
4.161191
6.153694
3.786155
4.861561
7.667888
3.464516
6.106389
1.582684
3.946544
9.127528
5.847457
7.017111
7.722284
4.78809
5.083001
7.239795
5.478326
2.921832
4.016489
5.768379
4.705055
3.69905
5.112608
4.506798
7.472443
4.643346
7.472939
2.835666
4.01162
1.577774
5.080116
3.877713
-0.1147241
3.606442
-3.892575
-0.3682885
-1.685495
-4.862706
-0.514358
-1.725536
3.865458
0.1841824
-2.152402
-0.1867435
-1.090509
-0.1182
3.470752
-2.17231
0.1987205
1.548466
-2.823542
-3.750918
-1.575454
-0.8370332
-0.3242094
0.1322751
-2.868446
2.45354
2.17663
-3.074893
-0.2609852
-0.1226838
-2.755992
0.5218353
-0.871436
3.596958
-3.599956
-3.159274
1.976647
-1.461527
0.3301477
-3.320634
1.163082
-0.1515762
0.5521127
-2.445577
0.01815082
-0.6907701
-0.3815055
-0.3669726
0.4153598
-1.924871
2.396605
-2.723971
-3.103659
0.06303724
-0.845432
-3.049682
-0.7116814
-1.441792
-2.954663
-0.3294395
2.174733
1.539652
4.774666
0.3664778
-2.353952
-1.327741
0.4192232
-3.107338
-2.912457
-2.890375
-0.5504231
-0.2810897
-2.327421
-1.253016
2.284748
-2.014197
-2.036974
1.687306
-0.825026
0.07534547
1.984373
0.7535854
-0.008229524
-1.494708
-2.457555
0.7483871
-2.521206
-0.1941609
-2.063484
-0.9999761
0.6363568
-0.4617616
-1.776002
-1.649517
2.360017
-6.761471
0.2442762
-5.407105
-1.545384
-2.844239
-1.612565
4.073118
2.868476
-1.025167
-3.50377
0.5495923
0.6077799
-3.997525
0.171711
-2.681313
-2.547969
-3.417102
-0.9623512
-3.734664
-4.980218
-5.31239
-0.8656488
0.7205071
-2.566577
-2.112361
0.4139014
-0.6168642
2.279356
-1.351074
-1.724936
3.323164
-1.260146
-3.625942
0.3195144
-0.8163936
-0.1038554
0.08816718
2.241555
1.642582
-1.195683
-0.2315329
0.5500838
-0.1871037
-1.053566
1.682119
0.4898185
-1.893338
-2.473661
-2.701147
-3.680148
0.3165557
-1.71271
-0.9011165
-3.170682
-0.9266943
-6.247204
-5.294626
1.184967
-4.368685
-2.012891
-3.580003
-2.320723
-0.7776871
2.376364
1.883899
-0.5843686
-2.070739
-0.4955921
-2.936993
-0.896096
1.545166
-1.935118
-2.071851
0.6630437
-0.2899616
-0.09592207
0.7590268
-1.216802
-5.876242
0.4710298
-3.936886
-0.2456101
0.3291308
-1.110129
-0.6607588
1.398218
0.6592153
1.599863
-3.561757
-2.871199
-0.2652447
-1.020615
-2.180428
0.8504363
-1.187989
0.9578967
-2.797355
-0.5253872
-2.415796
-3.609995
0.6547534
0.1642878
-3.714612
-0.3622649
-1.525484
-3.368019
-0.6254946
2.760713
2.08352
4.069528
3.335923
-0.2159499
5.013616
3.357762
2.944575
3.92088
-0.09462626
2.116817
-0.5911643
3.157107
2.234562
1.231432
2.389778
3.802487
2.653057
2.485693
3.668702
5.581304
3.10743
0.6487036
3.136911
3.960886
2.670295
0.7231558
0.4280791
2.005991
-0.1293763
2.743238
3.446442
2.772103
0.333935
1.561299
4.88603
-1.541071
1.36184
1.700281
3.621916
1.128725
1.682391
1.381463
2.593194
-0.005765003
5.466977
1.474263
1.518345
1.356558
1.655583
1.916123
1.441932
2.71145
1.907443
-1.191534
0.4966444
1.223293
5.315315
2.487477
0.08478671
5.117939
2.826378
5.015721
1.568636
2.722259
-0.06778377
3.384366
0.7704638
1.02584
4.233657
0.5881777
0.2389926
3.189668
0.8058748
3.484172
5.160804
4.740961
2.589167
1.856517
3.110492
3.702966
3.19015
3.135316
1.530238
-1.739183
1.887421
0.6090246
3.852232
2.27497
3.257549
3.005943
-0.04609069
2.99791
3.089334
2.440614
0.5978316
3.872715
-0.5345595
4.223566
3.636865
1.526723
4.806078
2.415182
1.051545
3.377581
2.315951
-0.8714371
1.56173
-0.454553
1.083207
1.319821
4.036275
-0.2096212
2.154377
2.297291
1.340596
0.883636
3.112861
2.712855
2.364884
2.397134
4.465023
3.480517
1.479642
1.778051
1.588684
3.848602
1.38876
0.3625472
2.878588
3.456676
3.025585
3.568306
2.246508
-0.6059809
2.539299
3.656122
3.072626
0.9756584
3.188114
3.983859
5.008283
3.928267
2.175586
3.402449
3.999524
3.472301
2.984227
3.510438
-0.4162446
1.61616
4.862263
3.052325
0.9714571
1.493559
0.4679126
4.475943
-0.6278453
4.705239
-0.09648815
4.287019
5.367436
2.67459
2.222171
1.538786
4.06372
4.328423
1.937479
0.5015549
3.760879
2.194069
1.879251
2.36749
1.299087
2.074661
6.638375
3.502678
1.301391
2.751122
0.2990754
0.05420263
0.6628079
1.013648
1.597336
-0.7442124
2.34257
3.049295
3.930029
-0.03640915
2.099722
2.843234
2.270599
-0.8263154
5.513988
3.218567
1.947299
0.6696962
2.703535
4.551311
4.50693
2.266249
1.244412
2.157547
0.2312695
3.255346
2.391764
0.5286378
5.349014
1.122205
0.6402619
0.6553461
1.206621
2.388791
1.669536
4.310634
0.1321255
3.880343
1.635006
1.06589
0.4787451
1.922127
0.6534334
0.6036893
3.877649
4.699945
1.057394
1.713068
0.1357869
1.709409
2.644216
2.215143
1.617582
0.9192293
2.218263
-0.8924766
0.8202968
3.18532
0.882495
-1.753917
-0.3406886
4.290319
4.798832
-0.7366702
2.846037
1.457573
1.123538
2.913515
2.791685
1.482674
0.9886711
1.547827
1.148717
-0.2692024
3.780983
0.08621656
0.9876119
1.366582
0.1145516
0.8016827
3.706555
3.104789
4.377862
3.654257
0.5261124
3.248795
-0.3537528
3.976522
4.301226
1.963802
1.085522
2.167454
2.574022
0.5739205
3.93132
3.287085
3.474088
1.526946
2.048692
3.186555
2.509245
3.416907
2.853189
2.387625
1.657895
2.465584
-0.4118182
0.6538846
3.283543
-0.9430939
3.423081
2.156081
0.4336141
3.06428
2.26294
0.4122954
0.9790195
0.4779846
5.504923
0.242825
-1.212141
